      1 
      1                                                          ^
      1 ColumnStruct: 64 RelTransLog: 64 RelationStruct: 64 CTransStruct: 16
      1                  from reference.cpp:72:
      1 include/cpp_btree/btree.h:557:57: warning: dereferencing type-punned pointer will break strict-aliasing rules [-Wstrict-aliasing]
      1 include/cpp_btree/btree.h:809:12:   required from ‘btree::btree_iterator<Node, Reference, Pointer>::pointer btree::btree_iterator<Node, Reference, Pointer>::operator->() const [with Node = btree::btree_node<btree::btree_map_params<unsigned int, std::pair<long unsigned int, long unsigned int*>, std::less<unsigned int>, std::allocator<std::pair<const unsigned int, std::pair<long unsigned int, long unsigned int*> > >, 256> >; Reference = std::pair<const unsigned int, std::pair<long unsigned int, long unsigned int*> >&; Pointer = std::pair<const unsigned int, std::pair<long unsigned int, long unsigned int*> >*; btree::btree_iterator<Node, Reference, Pointer>::pointer = std::pair<const unsigned int, std::pair<long unsigned int, long unsigned int*> >*]’
      1 include/cpp_btree/btree.h: In instantiation of ‘btree::btree_node<Params>::reference btree::btree_node<Params>::value(int) [with Params = btree::btree_map_params<unsigned int, std::pair<long unsigned int, long unsigned int*>, std::less<unsigned int>, std::allocator<std::pair<const unsigned int, std::pair<long unsigned int, long unsigned int*> > >, 256>; btree::btree_node<Params>::reference = std::pair<const unsigned int, std::pair<long unsigned int, long unsigned int*> >&]’:
      1 In file included from include/cpp_btree/btree_map.h:31:0,
      1   :::: LPTimer [val: 6466 val-proc: 18835251 trans: 67386 trans-index: 136404 upd-index: 841876 flush: 5750 forget: 37843 reads: 504370/0]
      1 reference.cpp:703:48:   required from here
      1      return reinterpret_cast<reference>(fields_.values[i]);
      1 total validations: 80908 trans: 19656 tuples: 424515 forgets: 12 flushes: 41
 503925 1
 294999 2
 269665 3
 220492 4
 195045 5
 173835 6
 149247 7
 132859 8
 114719 9
  99020 10
  88802 11
  77791 12
  70569 13
  64162 14
  58382 15
  53268 16
  50084 17
  45985 18
  41765 19
  37929 20
  36301 21
  33973 22
  32574 23
  28496 24
  27690 25
  26180 26
  24542 27
  23153 28
  21522 29
  20833 30
  19402 31
  19047 32
  18047 33
  16828 34
  15952 35
  14809 36
  15016 37
  13532 38
  13212 39
  12231 40
  11588 41
  11680 42
  11632 43
  10560 44
  10072 45
   9760 46
   9293 47
   8695 48
   8400 49
   8872 50
   8455 51
   6755 52
   7180 53
   6983 54
   6507 55
   6354 56
   6186 57
   5503 58
   5580 59
   5515 60
   5193 61
   5188 62
   4797 63
   4699 64
   4813 65
   4085 66
   4190 67
   4090 68
   3725 69
   3734 70
   3433 71
   3419 72
   3492 73
   3258 74
   3160 75
   3106 76
   2898 77
   2761 78
   2792 79
   2544 80
   2448 81
   2345 82
   2258 83
   2481 84
   2009 85
   1949 86
   2138 87
   2027 88
   1950 89
   1876 90
   1859 91
   1627 92
   1762 93
   1722 94
   1471 95
   1481 96
   1526 97
   1558 98
   1587 99
   1398 100
   1443 101
   1334 102
   1274 103
   1317 104
   1214 105
   1122 106
   1350 107
   1138 108
   1154 109
   1150 110
   1191 111
   1023 112
   1003 113
   1090 114
   1013 115
   1022 116
   1052 117
    883 118
    918 119
    916 120
    922 121
    793 122
    710 123
    801 124
    716 125
    776 126
    816 127
    711 128
    715 129
    774 130
    780 131
    561 132
    656 133
    663 134
    726 135
    632 136
    720 137
    596 138
    563 139
    599 140
    554 141
    731 142
    542 143
    516 144
    603 145
    655 146
    503 147
    615 148
    572 149
    516 150
    651 151
    512 152
    544 153
    481 154
    487 155
    561 156
    631 157
    478 158
    395 159
    577 160
    505 161
    500 162
    459 163
    450 164
    489 165
    522 166
    519 167
    411 168
    486 169
    464 170
    493 171
    543 172
    429 173
    459 174
    496 175
    410 176
    377 177
    362 178
    442 179
    362 180
    369 181
    403 182
    400 183
    361 184
    416 185
    371 186
    450 187
    450 188
    346 189
    310 190
    342 191
    332 192
    282 193
    377 194
    354 195
    414 196
    297 197
    421 198
    414 199
    458 200
    388 201
    408 202
    335 203
    307 204
    341 205
    370 206
    281 207
    352 208
    329 209
    299 210
    272 211
    317 212
    342 213
    303 214
    247 215
    366 216
    425 217
    345 218
    358 219
    228 220
    217 221
    272 222
    251 223
    327 224
    296 225
    277 226
    355 227
    307 228
    303 229
    386 230
    331 231
    320 232
    347 233
    350 234
    324 235
    220 236
    223 237
    339 238
    355 239
    278 240
    282 241
    213 242
    291 243
    264 244
    304 245
    252 246
    241 247
    212 248
    324 249
    209 250
    233 251
    279 252
    259 253
    254 254
    270 255
    169 256
    194 257
    283 258
    246 259
    202 260
    254 261
    215 262
    143 263
    267 264
    275 265
    223 266
    249 267
    188 268
    238 269
    237 270
    220 271
    275 272
    189 273
    251 274
    201 275
    251 276
    238 277
    241 278
    216 279
    215 280
    214 281
    229 282
    198 283
    209 284
    262 285
    232 286
    300 287
    228 288
    266 289
    267 290
    298 291
    262 292
    205 293
    263 294
    199 295
    185 296
    232 297
    263 298
    185 299
    204 300
    206 301
    236 302
    217 303
    154 304
    189 305
    193 306
    251 307
    226 308
    225 309
    215 310
    169 311
    208 312
    223 313
    206 314
    197 315
    183 316
    265 317
    234 318
    329 319
    255 320
    277 321
    160 322
    180 323
    237 324
    199 325
    243 326
    244 327
    263 328
    186 329
    291 330
    270 331
    266 332
    211 333
    224 334
    193 335
    211 336
    224 337
    187 338
    160 339
    197 340
    150 341
    217 342
    167 343
    197 344
    137 345
    173 346
    166 347
    218 348
    158 349
    183 350
    210 351
    237 352
    190 353
    179 354
    180 355
    191 356
    170 357
    168 358
    171 359
    164 360
    202 361
    156 362
    170 363
    191 364
    145 365
    132 366
    149 367
    152 368
    182 369
    129 370
    215 371
    204 372
    170 373
    198 374
    123 375
     96 376
    199 377
    168 378
    105 379
    187 380
    121 381
    131 382
    171 383
    168 384
     98 385
    197 386
    130 387
    141 388
    136 389
    156 390
    108 391
    142 392
    111 393
    202 394
    172 395
    153 396
    148 397
    128 398
     90 399
    101 400
     88 401
    101 402
    123 403
     93 404
    139 405
    142 406
    189 407
    126 408
    109 409
     88 410
    107 411
    113 412
     64 413
     84 414
    164 415
    111 416
    205 417
    203 418
    157 419
    119 420
    129 421
    190 422
    100 423
    121 424
    138 425
    120 426
    102 427
    169 428
    129 429
    140 430
    115 431
    163 432
    122 433
    149 434
    159 435
     68 436
    124 437
    124 438
    142 439
     62 440
    143 441
     63 442
     99 443
    149 444
     66 445
    162 446
    103 447
    115 448
    134 449
     72 450
    111 451
     60 452
    115 453
    121 454
     76 455
    141 456
    114 457
    107 458
     58 459
    106 460
    104 461
    123 462
    152 463
     58 464
     89 465
    111 466
    104 467
    153 468
    116 469
     88 470
    123 471
     93 472
    185 473
     81 474
     73 475
    116 476
    131 477
    141 478
     94 479
    100 480
    114 481
    188 482
    129 483
    100 484
     99 485
    143 486
    127 487
    118 488
     86 489
    145 490
     90 491
    112 492
    109 493
    108 494
    113 495
     71 496
    131 497
    127 498
     86 499
     91 500
     98 501
    160 502
    119 503
     94 504
    120 505
     98 506
    125 507
    148 508
     68 509
     72 510
     95 511
    103 512
    115 513
    132 514
    122 515
    106 516
    102 517
    120 518
     95 519
    124 520
     89 521
     89 522
    114 523
     84 524
     83 525
     90 526
    101 527
     99 528
     94 529
     89 530
    111 531
     88 532
     88 533
    146 534
     99 535
    136 536
     87 537
    124 538
    159 539
     86 540
     68 541
     56 542
    195 543
     71 544
    111 545
    120 546
     75 547
     79 548
    144 549
    132 550
    102 551
    136 552
    168 553
     80 554
     74 555
     95 556
    132 557
     70 558
     93 559
     97 560
    112 561
    133 562
     61 563
     65 564
     96 565
    150 566
    167 567
    129 568
    114 569
    156 570
     77 571
    121 572
    132 573
     99 574
     87 575
     86 576
     53 577
    103 578
     93 579
     71 580
     93 581
    111 582
    210 583
     74 584
    127 585
     95 586
     59 587
     85 588
    102 589
     71 590
     68 591
     54 592
    103 593
     49 594
     86 595
    106 596
     99 597
     88 598
     59 599
     84 600
     90 601
     65 602
    132 603
     89 604
     68 605
     91 606
    102 607
    102 608
    134 609
    111 610
     60 611
    138 612
    136 613
    103 614
     65 615
     75 616
     82 617
     74 618
    114 619
     87 620
     40 621
     77 622
    134 623
     57 624
    110 625
     60 626
     98 627
    118 628
     80 629
     61 630
     81 631
    107 632
    117 633
     67 634
     84 635
     87 636
    131 637
     86 638
    113 639
    114 640
     88 641
     97 642
    119 643
     93 644
     58 645
    108 646
    115 647
     40 648
    113 649
     56 650
     56 651
    142 652
     60 653
     78 654
    122 655
     80 656
     96 657
    168 658
    100 659
    130 660
     45 661
     98 662
    102 663
     70 664
    107 665
    134 666
    128 667
     88 668
     83 669
     64 670
     63 671
     38 672
    103 673
     42 674
     57 675
     68 676
     47 677
     71 678
     47 679
     70 680
     87 681
     86 682
     54 683
     51 684
     85 685
     53 686
     77 687
    125 688
     54 689
     40 690
     51 691
    107 692
     76 693
     89 694
    139 695
     94 696
    116 697
    106 698
     73 699
     48 700
     80 701
     33 702
     69 703
     71 704
     90 705
     72 706
     44 707
     68 708
     63 709
     59 710
     51 711
     48 712
     74 713
     40 714
    123 715
     65 716
     63 717
    109 718
     44 719
     83 720
     78 721
     50 722
     59 723
     87 724
     49 725
     74 726
    124 727
     58 728
     71 729
     81 730
     58 731
     68 732
     45 733
     50 734
     26 735
     60 736
     71 737
     74 738
     67 739
     55 740
     52 741
    104 742
     25 743
     72 744
    128 745
     60 746
    108 747
     83 748
     54 749
     72 750
     39 751
    107 752
     59 753
     44 754
     83 755
     22 756
     71 757
     29 758
     50 759
     61 760
     54 761
     33 762
     19 763
     71 764
     48 765
     35 766
     81 767
     81 768
     40 769
     56 770
     46 771
     67 772
     38 773
     42 774
     38 775
     41 776
    101 777
     41 778
     61 779
     36 780
     60 781
     52 782
     33 783
    113 784
     42 785
     62 786
     65 787
     38 788
     85 789
     68 790
     28 791
     47 792
     33 793
     56 794
     81 795
     39 796
     43 797
     39 798
     55 799
     36 800
     36 801
     29 802
     75 803
     37 804
     40 805
     59 806
     27 807
     71 808
     61 809
     29 810
     27 811
     63 812
     55 813
     45 814
     43 815
     59 816
     34 817
     65 818
     23 819
     57 820
     21 821
     26 822
     54 823
     59 824
     34 825
      5 826
     47 827
     22 828
     23 829
     28 830
     36 831
     58 832
     62 833
     30 834
     54 835
     44 836
     80 837
     59 838
     49 839
     34 840
     82 841
     57 842
     59 843
     43 844
     31 845
     29 846
     58 847
     65 848
     28 849
     63 850
     32 851
     60 852
     34 853
     87 854
     42 855
     17 856
     67 857
     48 858
     67 859
     23 860
     27 861
     17 862
     39 863
     48 864
     52 865
     45 866
     30 867
     38 868
     18 869
     12 870
     40 871
     54 872
     56 873
     49 874
     37 875
     78 876
     54 877
     20 878
     57 879
     48 880
     50 881
     40 882
     57 883
     58 884
     66 885
     40 886
     46 887
     65 888
     38 889
     58 890
     33 891
     42 892
     74 893
     13 894
     32 895
     65 896
     35 897
     12 898
     30 899
     34 900
     38 901
     43 902
     40 903
     90 904
     36 905
     11 906
     77 907
     29 908
     53 909
     35 910
     84 911
     54 912
     66 913
     56 914
     18 915
     84 916
     71 917
     37 918
     66 919
     82 920
     85 921
     61 922
     59 923
     47 924
     49 925
     38 926
     53 927
     14 928
     63 929
     49 930
     50 931
     85 932
     66 933
     56 934
     22 935
     45 936
     75 937
     30 938
     42 939
     38 940
     26 941
     55 942
     45 943
     57 944
     26 945
     76 946
     44 947
     45 948
     34 949
     15 950
     28 951
     29 952
     29 953
     60 954
     16 955
     43 956
     57 957
     19 958
     39 959
     50 960
     47 961
     21 962
     65 963
     44 964
     54 965
     35 966
     41 967
     82 968
     93 969
     43 970
     55 971
     50 972
     84 973
     88 974
     53 975
     57 976
     55 977
     25 978
    105 979
     65 980
     51 981
     49 982
     30 983
     28 984
     61 985
     34 986
     48 987
     48 988
     56 989
     60 990
     46 991
     43 992
     26 993
     45 994
     51 995
     62 996
     62 997
     75 998
     63 999
     35 1000
     47 1001
     62 1002
     47 1003
     51 1004
     38 1005
    100 1006
     49 1007
     71 1008
     43 1009
     48 1010
     32 1011
     34 1012
     58 1013
     66 1014
     68 1015
     71 1016
     38 1017
     68 1018
     54 1019
     93 1020
     37 1021
     17 1022
     28 1023
     20 1024
     61 1025
     65 1026
     35 1027
     12 1028
     59 1029
     62 1030
     41 1031
     44 1032
     71 1033
     46 1034
     59 1035
     38 1036
     36 1037
     48 1038
     47 1039
     54 1040
     59 1041
     11 1042
     69 1043
     51 1044
     46 1045
     72 1046
     13 1047
     21 1048
     67 1049
     25 1050
     51 1051
     58 1052
     30 1053
     19 1054
     35 1055
     37 1056
     33 1057
     56 1058
     93 1059
     57 1060
     72 1061
     29 1062
     74 1063
     96 1064
     41 1065
     74 1066
     81 1067
     24 1068
     59 1069
     35 1070
     38 1071
     34 1072
     49 1073
     30 1074
     49 1075
     58 1076
     23 1077
     43 1078
     42 1079
     44 1080
     57 1081
     59 1082
     30 1083
     77 1084
     65 1085
     42 1086
     52 1087
     65 1088
     55 1089
     66 1090
     11 1091
     52 1092
     26 1093
     59 1094
     53 1095
     12 1096
     32 1097
     45 1098
     39 1099
     54 1100
     53 1101
     60 1102
     20 1103
     49 1104
     50 1105
     64 1106
     66 1107
     28 1108
     65 1109
     33 1110
     29 1111
     55 1112
     69 1113
     73 1114
     46 1115
     47 1116
     56 1117
     41 1118
     38 1119
     63 1120
     69 1121
     71 1122
     68 1123
     54 1124
     23 1125
     27 1126
     64 1127
     20 1128
     63 1129
     47 1130
     53 1131
     27 1132
     70 1133
     27 1134
     21 1135
     30 1136
     34 1137
     31 1138
     79 1139
     35 1140
     87 1141
     82 1142
     29 1143
     45 1144
     41 1145
     57 1146
     47 1147
     44 1148
     55 1149
     25 1150
     38 1151
     33 1152
     35 1153
     26 1154
     28 1155
     25 1156
     49 1157
     65 1158
     40 1159
     62 1160
     42 1161
     64 1162
     37 1163
     51 1164
     46 1165
     69 1166
     33 1167
     37 1168
     31 1169
     34 1170
     39 1171
     51 1172
     55 1173
     46 1174
     30 1175
     58 1176
     44 1177
     47 1178
     82 1179
     39 1180
      5 1181
     21 1182
     31 1183
     18 1184
     16 1185
     19 1186
     35 1187
     36 1188
     28 1189
     46 1190
     25 1191
     62 1192
     22 1193
     66 1194
     35 1195
     45 1196
     42 1197
     26 1198
     19 1199
     40 1200
     20 1201
     26 1202
     69 1203
     43 1204
     36 1205
     46 1206
     31 1207
     41 1208
     38 1209
     31 1210
     28 1211
     26 1212
     25 1213
     22 1214
     15 1215
     45 1216
     19 1217
     24 1218
     64 1219
     27 1220
     45 1221
     16 1222
     26 1223
     31 1224
     28 1225
     15 1226
     28 1227
     15 1228
     22 1229
     13 1230
     25 1231
     46 1232
     49 1233
     35 1234
      9 1235
     32 1236
     34 1237
     22 1238
     29 1239
     11 1240
     30 1241
     33 1242
     31 1243
     39 1244
     24 1245
     46 1246
     26 1247
     34 1248
     31 1249
     42 1250
     29 1251
      7 1252
     34 1253
     18 1254
     33 1255
      6 1256
     63 1257
     11 1258
     53 1259
     44 1260
     57 1261
     85 1262
     19 1263
     26 1264
     19 1265
     58 1266
     18 1267
     16 1268
     35 1269
     54 1270
     43 1271
     98 1272
     55 1273
     19 1274
     22 1275
     64 1276
     27 1277
     67 1278
     54 1279
     26 1280
     29 1281
     49 1282
     48 1283
     36 1284
     47 1285
     25 1286
     32 1287
     69 1288
     25 1289
     22 1290
     28 1291
     42 1292
     36 1293
     18 1294
     40 1295
     34 1296
     21 1297
     67 1298
     32 1299
     41 1300
     49 1301
     18 1302
     39 1303
     42 1304
     71 1305
     15 1306
     28 1307
     27 1308
     18 1309
     30 1310
     29 1311
     37 1312
     21 1313
     38 1314
     13 1315
     12 1316
     14 1317
     33 1318
     43 1319
     61 1320
      7 1321
     26 1322
     29 1323
     21 1324
     33 1325
     25 1326
     32 1327
     22 1328
     20 1329
     29 1330
     44 1331
     14 1332
     27 1333
     66 1334
      7 1335
     19 1336
     35 1337
     35 1338
      9 1339
     17 1340
     10 1341
     17 1342
     38 1343
     29 1344
     44 1345
     39 1346
     47 1347
      2 1348
     38 1349
     23 1350
     36 1351
     21 1352
     30 1353
     28 1354
     31 1355
     71 1356
     23 1357
     53 1358
     40 1359
     42 1360
     26 1361
     31 1362
     13 1363
     18 1364
     54 1365
     41 1366
     29 1367
     40 1368
     42 1370
     21 1371
     21 1372
     30 1373
     25 1374
     29 1375
     38 1376
     15 1377
     13 1378
     38 1379
     14 1380
     47 1381
     20 1382
     22 1383
     33 1384
     40 1385
     31 1386
      3 1387
     27 1388
      7 1389
     26 1390
     27 1391
     22 1392
     23 1393
     11 1394
     27 1395
      9 1396
      2 1397
     46 1398
     32 1399
     14 1400
     30 1401
     21 1402
     15 1403
     21 1404
     27 1405
     12 1406
     23 1407
     14 1408
     21 1409
      8 1410
     20 1411
     10 1412
     53 1413
      9 1414
     41 1415
     17 1416
     55 1417
     26 1418
     18 1419
     25 1420
     14 1421
     16 1422
     26 1423
     29 1424
     18 1425
     11 1426
     30 1427
     25 1428
     13 1429
      9 1430
     31 1431
     56 1432
     21 1433
     14 1434
     32 1435
     26 1436
      8 1437
     31 1438
     22 1439
     23 1440
      5 1441
     34 1442
     36 1443
     19 1444
     33 1445
     41 1446
     26 1447
     22 1448
     23 1449
     29 1450
     74 1451
     46 1452
     16 1453
      6 1454
     19 1455
     29 1456
      6 1457
     23 1458
      2 1459
     18 1460
     30 1461
      6 1462
     11 1463
     12 1464
     14 1465
      9 1466
     12 1467
     36 1468
     22 1469
     28 1470
     27 1471
     29 1472
     15 1473
      9 1474
     32 1475
     21 1476
     22 1477
     12 1478
      3 1479
     18 1480
     41 1481
     14 1482
     35 1483
     17 1484
     24 1485
     38 1486
      7 1487
     41 1488
     24 1489
     45 1490
      8 1491
     14 1492
     17 1493
     42 1494
     21 1495
     18 1496
      6 1497
     10 1498
     20 1499
      1 1500
     19 1501
     10 1502
     32 1503
     24 1504
     23 1505
      3 1506
      6 1507
      8 1508
      7 1509
     18 1510
     16 1511
      7 1512
     16 1513
     40 1514
      2 1515
     78 1516
     15 1517
     19 1518
     18 1519
     29 1520
     19 1521
      5 1522
      1 1523
     31 1525
     33 1526
     12 1527
      6 1529
     30 1530
     13 1531
      8 1532
     20 1533
     13 1534
     14 1535
      8 1536
     25 1537
      6 1538
     24 1539
      7 1540
     28 1541
     11 1542
     23 1543
      9 1544
     42 1545
     29 1546
     11 1547
     31 1548
      5 1549
     12 1550
     17 1551
     17 1552
     12 1553
      5 1554
      7 1555
      5 1556
     31 1557
     26 1558
      8 1559
     11 1560
     15 1562
     20 1563
     24 1564
     24 1565
      2 1566
     25 1567
     13 1568
      8 1569
     39 1570
      4 1571
     23 1572
     10 1573
     31 1574
     19 1575
      2 1576
     32 1577
     18 1578
     24 1579
     25 1580
     15 1581
      6 1582
     16 1583
      7 1584
     29 1585
     23 1586
      4 1587
     28 1588
     11 1589
     16 1590
     20 1591
      3 1592
     24 1593
     13 1594
     24 1595
      3 1596
      9 1597
     36 1598
     28 1599
     18 1600
     15 1601
      6 1602
      3 1603
     35 1604
     49 1605
     14 1606
      6 1607
     28 1608
     20 1609
     14 1610
     29 1611
     23 1612
      2 1613
      3 1614
      3 1615
     31 1616
     17 1617
     13 1618
     28 1619
      4 1620
      8 1621
     19 1622
     29 1623
     17 1624
     23 1625
      9 1626
      1 1627
      9 1628
     15 1629
     32 1630
      6 1631
     23 1632
      4 1633
     14 1634
     16 1635
      4 1636
      6 1637
      3 1638
     15 1639
     26 1640
     11 1641
      2 1642
     14 1643
     25 1644
      5 1645
     17 1646
     21 1647
     19 1648
     17 1649
     11 1650
      6 1651
     29 1652
     21 1653
      9 1654
      8 1655
     25 1656
     22 1658
     20 1659
     10 1660
      6 1661
     13 1662
     24 1663
      7 1664
     18 1665
     15 1666
     16 1667
      5 1668
     16 1669
     18 1670
     12 1671
      8 1672
     15 1673
     13 1674
     13 1675
      8 1676
      8 1677
     26 1678
     13 1679
     12 1680
     20 1681
     30 1682
     23 1683
      4 1684
     30 1685
      8 1686
     23 1688
     10 1689
      9 1690
     21 1691
     15 1692
     16 1693
     10 1694
     12 1695
      8 1696
     23 1697
     12 1698
     21 1699
     15 1700
     12 1702
      2 1703
     23 1704
     10 1705
      9 1706
     25 1707
     38 1708
     25 1709
     10 1710
      6 1711
     13 1712
     39 1713
      3 1714
      2 1715
      7 1716
     12 1717
      9 1719
     15 1720
     20 1722
     51 1723
     42 1724
     22 1725
      6 1726
     11 1727
     20 1728
      8 1729
     10 1730
      8 1731
     15 1732
      4 1733
     32 1734
      8 1735
     12 1736
      6 1737
     10 1738
     10 1739
      9 1740
      6 1741
      5 1742
      5 1743
     27 1744
     20 1745
      3 1746
      9 1747
     41 1748
      1 1749
     20 1750
     20 1751
      1 1752
     33 1753
     28 1754
     15 1755
      9 1756
     45 1757
     21 1758
     18 1759
     11 1760
     18 1761
      2 1762
     17 1763
     15 1764
     35 1765
     15 1766
      8 1767
      4 1768
     17 1769
      5 1770
     21 1771
     19 1772
      9 1773
      5 1775
     12 1776
     14 1777
     12 1778
     13 1779
      9 1781
     15 1782
     19 1783
     25 1784
      7 1785
     17 1786
     11 1787
      9 1788
     17 1789
     14 1790
      6 1791
     18 1792
     14 1793
     25 1794
     13 1795
     47 1796
     18 1797
     14 1798
      9 1799
      2 1800
     28 1801
      4 1802
     34 1803
      3 1804
     20 1806
     10 1807
     11 1808
     15 1809
      5 1810
     18 1811
     30 1812
     17 1813
      2 1814
      4 1815
     12 1816
     19 1817
      6 1818
     21 1819
      5 1820
      2 1821
     13 1822
     14 1823
     14 1824
     29 1825
      7 1826
      6 1827
     14 1828
     10 1829
     16 1830
     15 1831
     15 1832
      1 1833
     25 1834
      6 1835
      3 1836
      5 1837
      9 1838
      5 1839
     20 1840
     12 1841
     32 1842
      1 1843
      2 1844
     12 1845
     16 1846
     15 1847
     16 1848
      5 1849
     10 1850
     18 1851
      6 1852
     14 1853
     38 1854
     38 1855
     26 1856
     19 1857
      4 1859
     15 1860
      5 1861
      5 1862
     14 1863
      7 1864
     24 1865
     32 1866
     15 1867
     12 1868
      5 1869
     34 1870
     10 1871
     20 1872
     13 1873
     46 1874
      7 1875
      9 1876
     11 1877
      7 1878
      9 1879
     16 1880
      2 1881
     21 1882
     20 1884
     17 1885
     20 1886
      5 1888
     13 1889
     11 1890
     24 1891
      9 1892
     15 1893
     27 1894
      7 1895
     19 1896
      4 1897
      7 1898
     21 1899
     28 1900
     13 1901
      5 1902
     23 1903
     19 1904
     22 1905
     14 1906
     36 1907
     20 1908
     19 1909
      5 1910
     13 1911
      7 1912
     12 1913
     14 1914
     23 1915
      3 1916
     24 1917
     27 1918
     19 1919
     14 1920
      2 1921
     20 1922
     30 1923
     21 1924
     17 1925
     22 1926
     12 1927
      5 1928
      3 1929
     18 1930
      9 1931
     30 1932
     11 1933
      5 1934
     22 1935
     12 1937
     23 1938
     11 1939
     14 1940
     23 1941
     18 1942
     20 1943
     16 1944
     36 1945
     16 1946
      7 1947
      5 1948
     21 1949
      7 1950
     16 1951
     11 1952
     31 1954
     31 1955
     12 1956
     27 1957
      6 1958
     27 1959
     35 1960
     13 1961
     19 1962
     22 1963
     11 1964
     11 1965
     10 1966
     15 1967
     13 1968
     21 1969
     16 1970
     11 1971
      5 1972
     27 1973
      4 1974
      3 1975
     25 1976
      5 1978
      4 1979
     11 1980
     17 1981
     10 1982
     16 1983
     25 1984
     19 1985
     13 1986
     12 1987
     31 1988
     14 1989
     13 1990
     25 1991
      2 1992
      1 1993
      4 1995
     15 1996
     52 1997
      7 1998
      5 1999
     28 2000
     19 2001
      6 2002
     16 2003
     12 2004
     11 2005
     15 2006
     15 2007
     11 2008
     25 2009
     25 2010
      3 2011
      6 2012
     16 2013
     11 2014
     20 2015
     15 2016
     12 2017
     31 2018
      4 2019
      2 2020
     10 2021
      7 2022
     25 2023
     10 2024
      7 2025
     14 2026
     17 2028
     23 2029
      7 2030
      4 2031
     14 2032
     18 2033
     31 2034
     13 2035
     12 2036
     25 2037
      7 2038
     19 2039
      7 2040
      8 2041
     10 2042
      7 2043
     17 2044
     16 2045
      2 2046
     28 2047
      4 2048
     42 2049
     35 2051
      8 2052
     11 2053
      8 2054
     14 2055
     15 2056
     18 2057
     33 2058
      9 2059
     16 2060
     16 2061
      3 2062
     30 2063
      8 2064
     17 2065
      9 2066
     18 2067
     14 2068
     10 2069
      9 2070
     13 2071
     23 2072
      6 2073
     14 2074
      9 2075
      6 2076
     24 2077
     12 2078
      1 2079
     34 2080
      1 2081
     22 2082
      9 2083
      3 2084
      6 2085
     21 2086
      3 2087
     25 2088
     19 2089
      9 2090
      7 2091
      3 2093
     26 2094
     17 2095
     17 2096
     35 2097
     15 2098
     25 2099
     31 2100
     14 2101
     22 2102
     15 2103
      3 2104
     18 2105
      9 2106
     16 2107
      8 2108
      2 2109
      1 2111
     20 2112
     25 2113
      6 2114
     18 2115
     10 2116
     27 2117
     30 2118
     28 2120
     29 2121
     10 2122
      2 2124
      9 2125
      1 2126
     44 2127
      2 2128
     23 2129
     22 2130
     18 2131
      8 2132
      9 2133
     25 2134
      6 2135
     12 2136
     11 2137
     39 2138
     18 2139
     16 2140
      7 2141
     10 2142
      7 2144
      8 2145
     15 2146
     13 2147
     11 2148
      4 2149
     12 2150
      4 2151
     37 2152
     11 2153
     15 2154
      4 2156
     15 2157
      6 2158
     40 2159
     22 2160
     18 2161
      4 2162
      2 2163
     15 2164
      2 2165
      8 2166
      8 2167
      7 2168
     52 2169
     14 2170
      2 2172
     18 2173
     23 2174
      6 2175
     27 2176
     14 2178
      4 2179
     12 2180
      5 2181
     10 2182
     15 2183
      6 2185
      4 2186
      8 2188
     12 2189
      5 2190
      8 2191
     15 2192
     29 2194
     12 2195
      9 2196
     20 2197
     12 2198
      6 2199
      2 2201
     11 2202
      7 2203
     15 2204
      2 2205
      7 2206
      3 2207
     20 2208
      6 2209
     16 2210
     15 2211
      2 2212
     21 2213
      4 2214
      7 2215
      6 2216
      8 2217
      2 2218
     11 2219
     11 2221
     12 2222
     14 2223
     17 2224
     14 2225
     12 2226
      6 2227
     17 2228
      8 2229
     11 2230
     10 2231
     27 2232
     17 2233
     23 2234
      3 2235
     10 2236
      7 2238
     15 2239
     14 2240
      2 2241
      1 2242
     29 2243
     13 2244
      3 2246
     23 2247
      1 2248
     14 2249
     10 2250
      9 2251
     23 2252
     10 2253
     14 2254
      2 2255
     37 2256
     20 2257
     27 2258
     10 2259
      4 2260
     11 2261
     27 2262
     16 2263
     15 2264
     11 2265
      8 2266
      3 2267
      5 2268
      8 2269
      2 2270
     26 2271
      5 2272
      3 2273
     14 2274
     15 2275
     56 2276
     10 2277
     14 2279
      1 2280
      8 2281
     15 2283
     12 2284
      3 2285
      7 2286
      5 2287
     17 2288
     17 2289
     13 2290
      5 2291
     10 2293
     28 2294
      4 2296
     11 2297
      4 2298
      8 2300
      6 2301
     11 2302
      5 2303
      9 2304
      2 2305
      6 2306
      8 2307
     11 2308
      5 2309
     15 2310
     32 2312
     15 2313
      2 2314
      2 2315
     17 2316
     17 2317
      3 2318
     16 2319
     13 2320
      2 2321
      3 2322
      5 2323
     19 2324
      6 2325
      9 2326
     13 2327
     11 2328
     10 2329
      5 2330
      9 2331
     11 2332
      1 2333
     10 2334
      7 2335
      4 2336
     10 2337
     14 2338
     16 2339
     20 2340
      9 2341
     11 2342
      7 2343
     23 2344
      9 2345
     17 2346
      8 2347
     14 2348
      6 2349
      9 2350
     20 2353
      6 2354
     12 2355
     19 2356
      7 2357
      6 2359
     11 2360
      5 2361
      9 2362
     31 2363
      7 2364
     13 2365
      1 2366
     10 2367
      8 2368
      9 2369
     34 2370
      9 2371
     14 2372
     14 2373
     14 2374
      4 2375
      9 2376
     19 2377
      6 2378
     21 2379
      4 2380
     11 2381
     20 2382
      2 2383
      9 2384
      2 2385
      4 2386
     17 2387
      2 2388
      8 2390
      8 2391
      8 2392
      6 2393
     10 2394
     15 2395
      9 2396
     11 2397
      3 2398
      4 2399
     10 2400
     17 2401
      2 2402
     23 2404
     16 2405
      2 2406
      7 2407
     11 2408
     43 2410
      6 2411
     13 2412
      7 2413
     36 2414
      3 2415
     10 2416
      3 2417
      2 2418
      8 2419
      5 2420
      4 2421
     16 2422
      4 2423
      8 2424
      3 2425
      6 2426
     22 2427
      6 2428
      8 2429
      3 2431
     12 2433
     13 2434
      9 2435
      2 2436
      1 2437
     17 2439
     19 2440
     14 2441
     15 2442
      3 2444
      8 2445
      7 2446
      8 2447
     19 2448
      5 2449
      1 2450
      4 2451
      6 2453
     21 2454
      2 2455
      4 2456
      3 2457
     19 2459
     18 2460
     19 2461
     13 2462
      8 2463
     22 2464
      3 2465
     17 2466
      4 2467
     18 2468
      6 2469
     29 2471
     13 2472
      9 2473
     14 2474
     21 2475
      1 2476
      3 2478
     11 2479
      6 2480
      3 2481
     15 2482
     17 2483
      7 2484
      9 2485
      6 2486
     16 2487
      2 2488
      4 2489
      2 2490
      4 2491
     14 2492
      4 2493
      9 2494
      5 2495
      2 2496
      3 2497
      1 2498
      1 2499
      9 2500
     13 2501
      5 2502
      6 2503
      3 2504
      2 2505
     16 2506
      2 2508
      4 2509
      3 2510
      1 2512
      2 2513
      3 2514
      6 2516
      3 2517
      2 2518
      7 2519
      2 2520
      5 2523
      3 2524
     12 2525
     13 2528
      1 2529
      4 2531
      5 2532
      4 2533
      4 2534
      9 2535
     12 2536
     10 2537
      5 2538
     15 2539
      3 2540
      3 2541
      4 2542
      3 2543
     12 2544
      5 2545
      2 2546
     18 2547
      6 2548
      8 2549
      4 2550
     29 2551
     28 2552
      1 2554
     25 2555
      5 2556
      5 2557
      9 2559
      1 2560
     11 2561
      1 2562
      8 2563
      8 2564
     19 2565
     14 2568
     23 2569
     11 2570
     21 2571
      9 2573
     10 2574
      3 2575
      1 2576
      6 2577
     12 2578
      7 2579
     24 2580
      1 2581
      2 2582
      1 2583
      8 2584
      7 2585
      6 2586
      2 2587
      7 2588
      8 2589
     10 2590
      5 2591
      2 2592
     11 2594
      3 2595
      8 2596
     14 2598
     14 2600
      5 2601
      6 2603
      5 2604
     14 2605
     12 2607
      5 2608
      2 2609
      3 2610
      3 2611
      6 2612
      6 2613
      5 2614
     18 2616
      4 2617
      6 2618
     16 2619
     14 2622
      3 2623
     12 2624
      2 2625
      8 2629
      3 2630
      4 2632
      6 2633
     15 2634
      6 2636
      6 2637
      2 2641
     15 2642
      2 2643
      7 2644
      7 2645
      1 2646
      4 2647
      3 2648
      9 2649
      6 2650
      2 2651
     11 2652
     15 2653
      3 2654
      2 2655
      8 2656
     17 2657
      8 2658
      5 2659
      7 2660
      2 2661
     18 2662
      5 2663
      4 2665
     14 2667
     20 2668
      6 2669
      5 2670
      2 2671
      6 2672
      1 2673
      5 2674
     10 2675
     11 2677
      7 2678
      3 2679
      2 2680
      7 2682
      2 2685
      1 2687
      4 2688
      9 2690
      8 2692
      1 2693
      2 2694
      1 2695
      6 2696
      5 2697
      1 2698
      3 2700
     14 2702
      5 2703
      1 2704
      1 2706
     15 2708
      6 2709
      1 2710
      1 2711
     10 2712
     18 2714
      5 2715
     20 2718
      4 2719
     11 2720
     25 2722
      9 2723
      4 2724
      3 2725
      5 2726
      8 2727
      6 2728
      2 2729
      2 2730
      2 2731
     11 2732
      4 2733
      1 2734
      1 2737
      3 2738
      7 2740
      6 2743
      6 2744
      7 2745
      8 2748
      5 2750
      7 2752
      7 2753
      2 2754
     10 2756
     24 2758
      5 2759
      5 2762
     18 2763
     15 2764
      7 2766
     11 2767
      3 2769
      1 2770
      1 2771
      2 2772
      6 2773
     16 2776
      9 2779
      2 2783
      2 2785
      2 2786
      5 2787
     10 2788
      2 2790
     10 2791
      7 2793
      3 2794
      4 2795
     21 2796
      1 2797
      2 2798
     15 2800
     11 2801
      2 2805
      2 2806
     37 2807
      4 2809
      5 2812
     10 2813
      3 2814
      1 2818
      1 2820
      8 2822
     14 2824
      5 2826
      5 2828
      1 2829
      3 2830
      3 2832
      2 2833
      8 2836
      3 2838
      8 2840
     13 2843
      1 2847
      5 2848
     18 2849
      2 2850
      2 2851
      2 2853
      3 2854
      2 2857
      2 2862
      7 2863
      1 2864
      2 2865
      2 2870
      3 2871
      4 2872
      2 2873
      4 2874
      1 2875
      1 2876
      3 2878
      3 2879
     13 2880
      1 2881
      4 2883
      2 2884
      1 2885
      5 2887
     10 2888
      5 2892
     12 2893
      4 2897
      4 2900
      1 2902
      7 2903
      2 2906
     10 2909
      8 2911
      4 2914
      4 2917
      1 2920
      1 2930
      9 2932
      6 2936
      3 2937
      6 2939
      7 2941
      5 2949
      5 2957
      1 2960
     10 2961
      3 2963
      1 2964
      1 2974
      3 2978
      3 2980
      1 2982
      7 2984
      7 2985
      1 2987
      3 2988
      5 2994
      3 2996
      3 2998
      2 3000
      2 3003
      2 3008
      1 3022
      3 3028
     12 3033
      4 3037
      7 3040
      3 3041
      2 3043
      4 3045
      1 3052
      4 3059
      1 3066
     10 3067
      1 3072
      4 3100
      7 3158
      8 3173
      3 12592
