4842 1801
4808 2407
4764 1736
4755 2294
4514 1867
4464 1844
4450 2107
4373 1718
4367 1894
4280 2474
4255 1912
4234 1988
4114 5079
4099 1814
4057 1984
4049 1797
4040 2309
3914 1611
3899 4675
3889 3043
3835 3762
3726 2100
3721 4571
3691 2142
3690 4672
3683 1573
3647 1884
3633 1738
3571 1650
3548 1605
3544 1624
3536 4804
3493 4215
3407 1461
3401 1616
3391 1667
3390 1770
3306 1778
3272 1546
3262 1517
3261 1723
3260 4207
3250 1522
3230 784
3204 5359
3166 4559
3164 4094
3163 2017
3152 2393
3149 1369
3117 1662
3110 1701
3013 2036
2981 4396
2946 4516
2931 1661
2904 5227
2901 5504
2871 4017
2824 1752
2797 4634
2786 2192
2781 1825
2763 4454
2752 2214
2690 6547
2641 5180
2492 3743
2490 5539
2444 4181
2440 4548
2427 4608
2389 1519
2385 1603
2382 1346
2380 5179
2363 1591
2335 4608
2322 4646
2316 1498
2303 1714
2299 1636
2296 1656
2273 1314
2247 1430
2235 1556
2228 1668
2207 5403
2183 4943
2171 4989
2143 5158
2111 1555
2067 1397
2066 1483
2057 4758
2020 1585
1973 2305
1924 4539
1912 1752
1902 4629
1899 1922
1880 1378
1849 2256
1839 1491
1824 4569
1807 1854
1802 2128
1801 2119
1800 1929
1791 3810
1790 1546
1765 1772
1740 1282
1734 1742
1720 1853
1719 2220
1712 4294
1696 1990
1685 4597
1679 1490
1668 1845
1660 3661
1637 1882
1632 4813
1626 1284
1592 1551
1583 4854
1559 1561
1547 2009
1541 1476
1526 1676
1516 1275
1515 4773
1505 1272
1483 1726
1482 1424
1480 1256
1479 5140
1476 1229
1465 2258
1442 1196
1436 4380
1401 4895
1400 5239
1399 1836
1389 4688
1377 285
1366 1355
1338 2125
1335 1474
1326 2181
1314 2151
1309 1911
1302 1701
1297 1290
1281 1408
1277 5297
1273 4817
1265 4360
1259 1788
1257 4282
1248 1320
1241 2216
1231 1476
1225 5513
1205 1505
1198 1636
1194 1928
1174 5880
1160 4499
1151 1498
1145 1407
1140 1675
1129 1053
1126 4148
1113 4871
1093 1928
1085 1313
1084 1478
1065 1825
1057 1461
1051 2022
1041 1160
1023 2885
1002 3792
975 1411
972 1865
965 3237
957 1363
923 2902
917 1668
915 1384
864 1268
844 1652
831 1636
820 4998
800 2918
789 3239
786 1520
761 1232
758 1585
749 1726
721 1621
694 1831
693 2066
683 1454
677 1296
646 1411
643 1211
639 5311
636 3315
629 1134
589 2554
572 1054
571 4209
544 5403
533 8742
512 1200
497 4763
495 1290
483 1619
456 772
410 4103
401 3678
395 1368
379 2671
372 1134
350 1225
349 5232
342 5339
335 2304
334 1142
315 1215
312 1087
277 1018
257 980
249 988
246 1307
232 3406
169 1056
151 887
149 925
129 1076
115 2071
83 881
74 981
67 927
66 996
63 860
60 990
32 3545
19 3983
6 15837522
5 17687650
4 19395529
3 37944193
2 4655632
total validations: 80908 trans: 19656 tuples: 424515
     return reinterpret_cast<reference>(fields_.values[i]);
reference.cpp:844:102:   required from here
  :::: LPTimer [val: 6118 val-proc: 8883799 trans: 70954 trans-index: 1064715 flush: 5723 forget: 116109 reads: 519184/0]
In file included from include/cpp_btree/btree_map.h:31:0,
include/cpp_btree/btree.h: In instantiation of ‘btree::btree_node<Params>::reference btree::btree_node<Params>::value(int) [with Params = btree::btree_map_params<unsigned int, std::pair<long unsigned int, long unsigned int*>, std::less<unsigned int>, std::allocator<std::pair<const unsigned int, std::pair<long unsigned int, long unsigned int*> > >, 256>; btree::btree_node<Params>::reference = std::pair<const unsigned int, std::pair<long unsigned int, long unsigned int*> >&]’:
include/cpp_btree/btree.h:809:12:   required from ‘btree::btree_iterator<Node, Reference, Pointer>::pointer btree::btree_iterator<Node, Reference, Pointer>::operator->() const [with Node = btree::btree_node<btree::btree_map_params<unsigned int, std::pair<long unsigned int, long unsigned int*>, std::less<unsigned int>, std::allocator<std::pair<const unsigned int, std::pair<long unsigned int, long unsigned int*> > >, 256> >; Reference = std::pair<const unsigned int, std::pair<long unsigned int, long unsigned int*> >&; Pointer = std::pair<const unsigned int, std::pair<long unsigned int, long unsigned int*> >*; btree::btree_iterator<Node, Reference, Pointer>::pointer = std::pair<const unsigned int, std::pair<long unsigned int, long unsigned int*> >*]’
include/cpp_btree/btree.h:557:57: warning: dereferencing type-punned pointer will break strict-aliasing rules [-Wstrict-aliasing]
                 from reference.cpp:68:
                                                         ^

